0.5047237364620939
0.9968293795126355
1.488935022563177
1.9810406656137185
2.47314630866426
2.9652519517148015
3.457357594765343
3.9494632378158845
4.441568880866426
4.933674523916968
5.42578016696751
5.917885810018051
6.409991453068593
6.902097096119134
7.394202739169676
7.886308382220218
8.378414025270759
8.8705196683213
9.362625311371842
9.854730954422383
10.346836597472924
10.838942240523465
11.331047883574007
11.82315352662455
12.315259169675091
12.807364812725632
13.299470455776174
13.791576098826715
14.283681741877256
14.7757873849278
15.26789302797834
15.759998671028882
16.252104314079425
16.744209957129964
17.236315600180507
17.728421243231047
18.22052688628159
18.71263252933213
19.204738172382672
19.696843815433215
20.188949458483755
20.681055101534298
21.173160744584838
21.66526638763538
22.15737203068592
22.649477673736463
23.141583316787006
23.633688959837546
24.12579460288809
24.61790024593863
25.11000588898917
25.60211153203971
26.094217175090254
26.586322818140797
27.078428461191336
27.57053410424188
28.06263974729242
28.554745390342962
29.046851033393505
29.538956676444045
30.031062319494588
30.523167962545127
31.01527360559567
31.50737924864621
31.999484891696753
32.491590534747296
32.98369617779784
33.47580182084838
33.967907463898925
34.46001310694946
34.952118750000004