0.0002777777777777778
0.08360339506172841
0.16692901234567903
0.2502546296296297
0.3335802469135803
0.4169058641975309
0.5002314814814816
0.5835570987654323
0.6668827160493829
0.7502083333333335
0.8335339506172841
0.9168595679012348
1.0001851851851853
1.083510802469136
1.1668364197530867
1.2501620370370372
1.333487654320988
1.4168132716049386
1.5001388888888891
1.5834645061728398
1.6667901234567903
1.750115740740741
1.8334413580246918
1.9167669753086423
2.0000925925925928
2.0834182098765437
2.166743827160494
2.2500694444444447
2.3333950617283956
2.416720679012346
2.5000462962962966
2.5833719135802475
2.666697530864198
2.7500231481481485
2.8333487654320995
2.91667438271605
3.0000000000000004
3.0833256172839514
3.166651234567902
3.2499768518518524
3.333302469135803
3.416628086419754
3.4999537037037043
3.583279320987655
3.6666049382716057
3.749930555555556
3.8332561728395067
3.9165817901234576
3.999907407407408
4.083233024691359
4.16655864197531
4.24988425925926
4.3332098765432105
4.416535493827161
4.4998611111111115
4.583186728395063
4.666512345679013
4.749837962962964
4.833163580246914
4.916489197530865
4.999814814814815
5.083140432098767
5.166466049382717
5.249791666666668
5.333117283950618
5.416442901234569
5.499768518518519
5.58309413580247
5.666419753086421
5.749745370370372
5.833070987654322
5.916396604938273
5.999722222222223
6.083047839506174
6.166373456790125
6.249699074074075
6.333024691358026
6.416350308641976
6.499675925925927
6.583001543209877
6.666327160493828
6.749652777777779
6.83297839506173
6.91630401234568
6.999629629629631
7.082955246913581
7.166280864197532
7.249606481481483
7.332932098765434
7.416257716049384
7.499583333333335
7.582908950617285
7.666234567901236
7.749560185185187
7.8328858024691375
7.916211419753088
7.9995370370370384
8.082862654320989
8.16618827160494
8.24951388888889
8.33283950617284
8.416165123456791
8.499490740740741
8.582816358024692
8.666141975308642
8.749467592592593
8.832793209876543
8.916118827160494
8.999444444444444
9.082770061728397
9.166095679012347
9.249421296296298
9.332746913580248
9.416072530864199
9.499398148148149
9.5827237654321
9.66604938271605
9.749375
9.832700617283951
9.916026234567902
9.999351851851852
10.082677469135803
10.166003086419755
10.249328703703705
10.332654320987656
10.415979938271606
10.499305555555557
10.582631172839507
10.665956790123458
10.749282407407408
10.832608024691359
10.91593364197531
10.99925925925926
11.08258487654321
11.16591049382716
11.249236111111113
11.332561728395063
11.415887345679014
11.499212962962964
11.582538580246915
11.665864197530865
11.749189814814816
11.832515432098766
11.915841049382717
11.999166666666667