6251.0
9517.0
13673.0
20638.0
28289.0
34949.0
42144.0
47137.0
47115.0
44957.0
44622.0
40804.0
35645.0
35262.0
33403.0
31961.0
32859.0
30563.0
26758.0
25608.0
24551.0
22431.0
21752.0
20006.0
18094.0
17805.0
17235.0
16969.0
17053.0
16677.0
15503.0
15251.0
15408.0
15710.0
14987.0
13421.0
11493.0
10483.0
10020.0
9756.0
9558.0
9112.0
8371.0
8352.0
8488.0
8429.0
8120.0
7920.0
7688.0
8215.0
7741.0
7273.0
7439.0
6473.0
5692.0
5986.0
5719.0
5492.0
5407.0
5154.0
5044.0
5404.0
5595.0
5649.0
5667.0
5562.0
5117.0
5003.0
5108.0
4871.0
4728.0
4539.0
4525.0
4687.0
4991.0
5253.0
5333.0
5177.0
5578.0
5258.0
5133.0
5071.0
5391.0
5889.0
5805.0
5406.0
5398.0
4799.0
4947.0
5381.0
5718.0
6524.0
6232.0
6688.0
6990.0
7263.0
7295.0
6583.0
6242.0
6084.0
6479.0
5523.0
5163.0
5208.0
5475.0
5643.0
5651.0
5395.0
5404.0
5294.0
4963.0
4563.0
4256.0
4065.0
3647.0
3282.0
3166.0
3225.0
3078.0
2930.0
2422.0
2317.0
2101.0
2161.0
1993.0
1844.0
1707.0
1494.0
1305.0
1204.0
1095.0
1075.0
1002.0
821.0
824.0
815.0
749.0
663.0
635.0
546.0
579.0
529.0
516.0
507.0